gazebo_ros_control:   
  pid_gains:
    left_wheel_joint:
      p: 0.1
      i: 0.000000001
      d: 0.000001
    right_wheel_joint:
      p: 0.1
      i: 0.000000001
      d: 0.000001