gazebo_ros_control:   
  pid_gains:
    left_wheel_joint:
      p: 0.0001
      i: 0.00000000
      d: 0.00000000
    right_wheel_joint:
      p: 0.0001
      i: 0.00000000
      d: 0.00000000